% Transition Matrix P(x_i from x_j) = a_ij
A = [ 0 1 0 0 0 0 0 0 ; 
    0 0 1 0 0 0 0 0 ; 
    0 0 0 3/5 2/5 0 0 0 ; 
    0 0 0 2/5 3/5 0 0 0 ; 
    0 0 0 0 0 1 0 0 ; 
    0 0 0 0 0 0 1 0; 
    0 0 0 0 0 0 0 1 ; 
    0 0 0 0 0 0 0 1 ];

% P(y|x) = p_ij
P = [ 4/5 0 4/5 1 0 0 1/5 1/4; 0 4/5 1/5 0 0 3/5 1/5 1/4; 0 1/5 0 0 1/5 2/5 2/5 1/4; 1/5 0 0 0 4/5 0 1/5 1/4];
P = [P(:,1:3), P(:,7),P(:,4:6),P(:,8)];
% Initial condition
pi = [1;zeros(8,1)];
